-2.000000000000000000e+00
-1.960298859261804028e+00
-1.920597718523608055e+00
-1.880896577785411861e+00
-1.841195437047215888e+00
-1.801494296309019916e+00
-1.761793155570823943e+00
-1.722092014832627971e+00
-1.682390874094431776e+00
-1.642689733356235804e+00
-1.602988592618039831e+00
-1.563287451879843859e+00
-1.523586311141647887e+00
-1.483885170403451692e+00
-1.444184029665255942e+00
-1.404482888927059747e+00
-1.364781748188863775e+00
-1.325080607450667802e+00
-1.285379466712471608e+00
-1.245678325974275857e+00
-1.205977185236079663e+00
-1.166276044497883690e+00
-1.126574903759687718e+00
-1.086873763021491524e+00
-1.047172622283295773e+00
-1.007471481545099579e+00
-9.677703408069036062e-01
-9.280692000687076337e-01
-8.883680593305116613e-01
-8.486669185923156888e-01
-8.089657778541194944e-01
-7.692646371159235219e-01
-7.295634963777275495e-01
-6.898623556395315770e-01
-6.501612149013356046e-01
-6.104600741631394101e-01
-5.707589334249434376e-01
-5.310577926867474652e-01
-4.913566519485514927e-01
-4.516555112103555203e-01
-4.119543704721592703e-01
-3.722532297339633534e-01
-3.325520889957673809e-01
-2.928509482575714085e-01
-2.531498075193754360e-01
-2.134486667811794636e-01
-1.737475260429832413e-01
-1.340463853047872966e-01
-9.434524456659133806e-02
-5.464410382839537256e-02
-1.494296309019940011e-02
2.475817764799659315e-02
6.445931838619278764e-02
1.041604591243885519e-01
1.438615998625847048e-01
1.835627406007809548e-01
2.232638813389766497e-01
2.629650220771728719e-01
3.026661628153686223e-01
3.423673035535647613e-01
3.820684442917610113e-01
4.217695850299567617e-01
4.614707257681529562e-01
5.011718665063487066e-01
5.408730072445449011e-01
5.805741479827410956e-01
6.202752887209368460e-01
6.599764294591330405e-01
6.996775701973287909e-01
7.393787109355249854e-01
7.790798516737211798e-01
8.187809924119169303e-01
8.584821331501131247e-01
8.981832738883088751e-01
9.378844146265050696e-01
9.775855553647012641e-01
1.017286696102897015e+00
1.056987836841093209e+00
1.096688977579288959e+00
1.136390118317485154e+00
1.176091259055681348e+00
