-2.000000000000000000e+00
-1.897435897435897356e+00
-1.794871794871794934e+00
-1.692307692307692291e+00
-1.589743589743589869e+00
-1.487179487179487225e+00
-1.384615384615384581e+00
-1.282051282051281937e+00
-1.179487179487179516e+00
-1.076923076923077094e+00
-9.743589743589744501e-01
-8.717948717948718063e-01
-7.692307692307691624e-01
-6.666666666666667407e-01
-5.641025641025640969e-01
-4.615384615384616751e-01
-3.589743589743590313e-01
-2.564102564102563875e-01
-1.538461538461539657e-01
-5.128205128205132191e-02
5.128205128205109986e-02
1.538461538461537437e-01
2.564102564102563875e-01
3.589743589743590313e-01
4.615384615384616751e-01
5.641025641025638748e-01
6.666666666666665186e-01
7.692307692307691624e-01
8.717948717948718063e-01
9.743589743589744501e-01
1.076923076923076650e+00
1.179487179487179294e+00
1.282051282051281937e+00
1.384615384615384581e+00
1.487179487179487225e+00
1.589743589743589425e+00
1.692307692307692069e+00
1.794871794871794712e+00
1.897435897435897356e+00
2.000000000000000000e+00
