-3.000000000000000000e+00
-2.900000000000000355e+00
-2.799999999999999822e+00
-2.700000000000000178e+00
-2.599999999999999645e+00
-2.500000000000000000e+00
-2.400000000000000355e+00
-2.299999999999999822e+00
-2.200000000000000178e+00
-2.099999999999999645e+00
-2.000000000000000000e+00
-1.900000000000000355e+00
-1.799999999999999822e+00
-1.700000000000000178e+00
-1.599999999999999645e+00
-1.500000000000000000e+00
-1.400000000000000355e+00
-1.299999999999999822e+00
-1.200000000000000178e+00
-1.099999999999999645e+00
-1.000000000000000000e+00
-9.000000000000003553e-01
-8.000000000000007105e-01
-6.999999999999992895e-01
-5.999999999999996447e-01
-5.000000000000000000e-01
-4.000000000000004108e-01
-3.000000000000007105e-01
-1.999999999999992339e-01
-9.999999999999964473e-02
0.000000000000000000e+00
9.999999999999964473e-02
1.999999999999992895e-01
3.000000000000006550e-01
4.000000000000002998e-01
5.000000000000000000e-01
5.999999999999996447e-01
6.999999999999992895e-01
8.000000000000007105e-01
9.000000000000003553e-01
1.000000000000000000e+00
1.099999999999999645e+00
1.199999999999999289e+00
1.300000000000000711e+00
1.400000000000000355e+00
1.500000000000000000e+00
1.599999999999999645e+00
1.699999999999999289e+00
1.800000000000000711e+00
1.900000000000000355e+00
2.000000000000000000e+00
