-2.000000000000000000e+00
-1.925000000000000044e+00
-1.850000000000000089e+00
-1.774999999999999911e+00
-1.699999999999999956e+00
-1.625000000000000000e+00
-1.550000000000000044e+00
-1.475000000000000089e+00
-1.399999999999999911e+00
-1.325000000000000178e+00
-1.250000000000000000e+00
-1.175000000000000044e+00
-1.100000000000000089e+00
-1.024999999999999911e+00
-9.499999999999999556e-01
-8.750000000000000000e-01
-8.000000000000000444e-01
-7.250000000000000888e-01
-6.500000000000001332e-01
-5.749999999999999556e-01
-5.000000000000000000e-01
-4.250000000000000444e-01
-3.500000000000000888e-01
-2.750000000000001332e-01
-2.000000000000001776e-01
-1.250000000000000000e-01
-5.000000000000004441e-02
2.499999999999991118e-02
1.000000000000000888e-01
1.749999999999998224e-01
2.500000000000000000e-01
3.249999999999997335e-01
3.999999999999999112e-01
4.750000000000000888e-01
5.499999999999998224e-01
6.250000000000000000e-01
6.999999999999997335e-01
7.749999999999999112e-01
8.500000000000000888e-01
9.249999999999998224e-01
1.000000000000000000e+00
