-3.899998417198648148e+00
-3.849999245077862842e+00
-3.800000874803203477e+00
-3.749999855918706437e+00
-3.699998327257445485e+00
-3.649998280954608987e+00
-3.599999383023619881e+00
-3.549998910755185921e+00
-3.499998305300514367e+00
-3.449998028413236106e+00
-3.399998004264292994e+00
-3.349997658940802925e+00
-3.299997602857746237e+00
-3.249997934257617516e+00
-3.199997483875105520e+00
-3.149997413907538846e+00
-3.099996847879459061e+00
-3.049997046144919732e+00
-3.000000000000000000e+00
-2.979999397807417072e+00
-2.959999285526680790e+00
-2.940001369850308688e+00
-2.920001601921647261e+00
-2.899998417198648148e+00
-2.879998925531604304e+00
-2.860001341725205481e+00
-2.839999931118699639e+00
-2.820000358220838610e+00
-2.800000874803203477e+00
-2.779999190713336787e+00
-2.760000207113128656e+00
-2.740000204918112914e+00
-2.720000163638920831e+00
-2.700000503883016378e+00
-2.680001274400476863e+00
-2.660000322371772086e+00
-2.639999555020351885e+00
-2.620000528471499113e+00
-2.600001111982078950e+00
-2.579999668433625715e+00
-2.559999795538784984e+00
-2.540000226349732770e+00
-2.520000247408364036e+00
-2.500001052017958081e+00
-2.480000159330323140e+00
-2.460001065209233229e+00
-2.440000065513060701e+00
-2.420000452721522866e+00
-2.400000186056579832e+00
-2.380000399499540897e+00
-2.360000828005835327e+00
-2.340000180159349519e+00
-2.320000991141683677e+00
-2.300001068978099195e+00
-2.280000380871156196e+00
-2.260000690598031881e+00
-2.240000707425154225e+00
-2.220000422412968355e+00
-2.200000925420642517e+00
-2.180000951821755795e+00
-2.160000609491407708e+00
-2.140000575558875795e+00
-2.120000901723457343e+00
-2.100000675079061185e+00
-2.080000924758882874e+00
-2.060000792811307768e+00
-2.040000875891922583e+00
-2.020001176026261280e+00
-2.000000868589832503e+00
-1.979999397807416850e+00
-1.959999285526680568e+00
-1.940001369850308688e+00
-1.920001601921647483e+00
-1.900001866923467952e+00
-1.880002219996498303e+00
-1.860001341725205704e+00
-1.839999931118699861e+00
-1.820000358220838610e+00
-1.800000874803203477e+00
-1.780001807599376873e+00
-1.760000207113128656e+00
-1.740000204918112914e+00
-1.720000163638920609e+00
-1.700000503883016156e+00
-1.680001274400476863e+00
-1.660000322371771864e+00
-1.640001450786719328e+00
-1.620000528471499113e+00
-1.600001111982079172e+00
-1.580001319577072794e+00
-1.560001372368862160e+00
-1.537602002101043919e+00
-1.522878745280337620e+00
-1.508638306165727361e+00
-1.494850021680093954e+00
-1.481486060122112480e+00
-1.468521082957744861e+00
-1.455931955649724330e+00
-1.443697499232712733e+00
-1.431798275933005016e+00
-1.420216403383189885e+00
-1.408935392973500900e+00
-1.397940008672037493e+00
-1.371611069949688400e+00
-1.346787486224656272e+00
-1.323306390375133423e+00
-1.301029995663981254e+00
-1.279840696594043203e+00
-1.259637310505756114e+00
-1.243455171639989754e+00
-1.193455100578505457e+00
-1.143454772261329078e+00
-1.093454866528196678e+00
-1.043454627184386752e+00
-9.934569468384871760e-01
-9.434533988510066527e-01
-8.934555534488056727e-01
-8.434538530030597503e-01
-7.934547526661739347e-01
-7.434530427636640848e-01
-6.934527609493765787e-01
-6.434540662307530745e-01
-5.934530071570141008e-01
-5.434532893625187988e-01
-4.934530175860550871e-01
-4.434526647748226469e-01
-3.934531357304855148e-01
-3.434524044444690061e-01
-2.934520506227988879e-01
-2.434521530117049470e-01
-1.934517267881167013e-01
-1.434517557000508925e-01
-9.345161790840114668e-02
-4.345124801542048221e-02
6.547339701075371478e-03
5.655039481326173262e-02
1.065478616574368903e-01
1.565491513317812944e-01
2.065506376524054444e-01
2.253092817258628422e-01
2.304489213782739132e-01
2.552725051033060688e-01
2.787536009528289171e-01
3.010299956639811980e-01
3.222192947339193037e-01
3.424226808222062823e-01
3.617278360175928409e-01
3.802112417116060294e-01
3.979400086720376040e-01
4.149733479708179740e-01
4.393327143605467722e-01
4.771212547196624354e-01
5.118833436070947540e-01
5.440680443502756702e-01
5.740312827832605436e-01
6.020599913279623960e-01
6.283889167660094976e-01
6.532124886827728183e-01
6.766936215108206865e-01
6.989700043360188575e-01
7.201592926519981841e-01
7.403627100245280257e-01
7.596678545084621925e-01
7.781512503836436334e-01
7.958800083107498979e-01
8.129133392710758965e-01
8.293037811952148619e-01
8.450980400142568127e-01
8.603379987836443643e-01
8.750612784472417971e-01
8.893017097912498947e-01
9.030899869919435385e-01
9.164539417064968552e-01
9.294189124299907512e-01
9.420080594746883529e-01
9.542424848293035167e-01
9.661417266354344058e-01
9.777236171748018290e-01
9.890045987721874932e-01
1.000000000000000000e+00
1.010723882339850110e+00
1.021189286661524198e+00
1.031408468291572733e+00
1.041392704898882915e+00
1.051152518586985884e+00
1.060697851683032766e+00
1.070037851823261832e+00
1.079181246047624887e+00
1.088136102881595235e+00
1.096910002584988719e+00
1.105510188176205055e+00
1.113943335603202467e+00
1.122215874995132534e+00
1.130333778145994561e+00
1.138302685532259995e+00
1.146128035678237955e+00
1.153814876535251166e+00
1.161367993249571740e+00
1.168792023258551138e+00
1.176091273532163806e+00
1.183269840834971998e+00
1.190331706575991078e+00
1.197280547095918024e+00
1.204119982655924792e+00
1.210853376005218696e+00
1.217483936317642845e+00
1.224014813965667026e+00
1.230448908604906633e+00
1.236789122068134850e+00
1.243038056131342550e+00
1.249198347604194792e+00
1.255272480975834215e+00
1.261262878311276481e+00
1.267171721360400571e+00
1.273001251217602103e+00
1.278753612381630989e+00
1.284430731588444230e+00
1.290034593545308139e+00
1.295567113156235184e+00
1.301029995663981254e+00
