1.000000000000000021e-02
1.202532338744931491e-02
1.446084025727354533e-02
1.738962805479602261e-02
2.091159009463833610e-02
2.514686334338078061e-02
3.023991638841489263e-02
3.636447737801173918e-02
4.372946002861761300e-02
5.258608984026653249e-02
6.323647360106679494e-02
7.604390449347300796e-02
9.144525431783230573e-02
1.099658755419479217e-01
1.322375214975927693e-01
1.590198959963333714e-01
1.912265674394465487e-01
2.299561313731230128e-01
2.765296844688583389e-01
3.325358881967343527e-01
3.998851593498419787e-01
4.808748359023550800e-01
5.782675410612444500e-01
6.953854185726590087e-01
8.362234537253028233e-01
1.005585745521652363e+00
1.209249378370718109e+00
1.454161483097994090e+00
1.748676209182630892e+00
2.102839691536010136e+00
2.528732732268468286e+00
3.040882886595662082e+00
3.656760009467319605e+00
4.397372166413673789e+00
5.287982235609301362e+00
6.358969645028904161e+00
7.646866639244634278e+00
9.195604423761453816e+00
1.105801169387909866e+01
1.329761666410924192e+01
