-6.499835436451452120e-01
-5.297912420613068996e-01
-4.357541908989807644e-01
-3.584988658873943801e-01
-2.929329819731666951e-01
-2.359796034025072597e-01
-1.856365769619115480e-01
-1.405277713342397983e-01
-9.966655001786804691e-02
-6.232137301782526839e-02
-2.793479162585256817e-02
3.927754644436996269e-03
3.361159912391938065e-02
6.139571867269361105e-02
8.750871582339238286e-02
1.121402613043477048e-01
1.354494614532677776e-01
1.575710918406690586e-01
1.786203185075534716e-01
1.986963268322338438e-01
2.178851479543582881e-01
2.362618866990686128e-01
2.538924969222977057e-01
2.708352103072300121e-01
